.////////////////////////////////////
{'name': 'dense', 'trainable': True, 'dtype': 'float32', 'units': 20, 'activation': 'relu', 'use_bias': True, 'kernel_initializer': {'class_name': 'GlorotUniform', 'config': {'seed': None}}, 'bias_initializer': {'class_name': 'Zeros', 'config': {}}, 'kernel_regularizer': None, 'bias_regularizer': None, 'activity_regularizer': None, 'kernel_constraint': None, 'bias_constraint': None}
----------------------------------------
[array([[ 0.86442804,  1.479611  ,  1.4248353 , -1.660321  , -1.6473536 ,
         2.0292182 , -1.8620422 ,  1.3396239 ,  1.7271388 , -3.0167813 ,
        -1.5920037 ,  1.6855513 , -1.6565725 ,  1.5933226 , -1.366321  ,
        -1.7470237 ,  1.6668261 ,  2.5945926 ,  2.093737  ,  1.6791508 ],
       [-1.551467  , -1.3527277 ,  1.8583273 ,  1.754836  ,  1.8894718 ,
        -1.0257201 ,  1.2942113 , -1.2299773 , -1.5205834 , -0.7406447 ,
        -0.06836125,  1.9703193 , -1.2243427 , -1.4581287 ,  0.504258  ,
         1.802155  , -1.4012926 , -0.35224533, -0.92307657, -1.5146053 ]],
      dtype=float32), array([ 0.5078427 ,  0.31609204, -0.8171656 , -0.18007836, -0.22383673,
        0.37078002, -0.21090533,  0.15425806,  0.37975973,  0.96415263,
        0.5884221 , -0.94249445, -0.39382544,  0.4234589 ,  0.69892263,
       -0.12679581,  0.26448458,  0.05622388,  0.34350938,  0.36991173],
      dtype=float32)]


////////////////////////////////////
{'name': 'dropout', 'trainable': True, 'dtype': 'float32', 'rate': 0.5, 'noise_shape': None, 'seed': None}
----------------------------------------
[]


////////////////////////////////////
{'name': 'dense_1', 'trainable': True, 'dtype': 'float32', 'units': 10, 'activation': 'relu', 'use_bias': True, 'kernel_initializer': {'class_name': 'GlorotUniform', 'config': {'seed': None}}, 'bias_initializer': {'class_name': 'Zeros', 'config': {}}, 'kernel_regularizer': {'class_name': 'L2', 'config': {'l2': 0.5}}, 'bias_regularizer': None, 'activity_regularizer': None, 'kernel_constraint': None, 'bias_constraint': None}
----------------------------------------
[array([[-4.29854084e-36,  6.88662054e-03, -7.09628861e-04,
         1.07653234e-02, -9.22332401e-04,  1.28702288e-02,
         1.89889930e-02, -1.37183452e-02,  3.93527607e-03,
        -8.65583494e-03],
       [-1.79293022e-36,  8.87751672e-03, -5.44520048e-03,
         1.08680530e-02,  1.23452186e-03,  1.49211697e-02,
         1.89023372e-02, -1.36563871e-02, -9.05125169e-04,
        -8.36124923e-03],
       [-2.05310126e-36,  2.75926217e-02,  1.67153720e-02,
         2.34015728e-03, -1.41309900e-02, -4.18882957e-03,
         7.44708022e-03,  4.83919075e-03,  2.84429211e-02,
         1.50312809e-03],
       [-1.64186908e-36,  1.32406512e-02,  3.33449198e-03,
         1.82151713e-03,  3.99425713e-04, -7.01662712e-03,
        -1.55663863e-02,  8.36081896e-03,  9.85976122e-03,
         7.63637759e-03],
       [-1.13044696e-35,  2.37109065e-02,  1.46313170e-02,
        -3.81853878e-02, -8.85604322e-03, -1.88049879e-02,
        -1.10881198e-02,  2.32093851e-03,  1.19834831e-02,
        -3.22136155e-04],
       [ 1.40070512e-36,  4.29749954e-03, -6.83249207e-03,
         1.06784524e-02,  2.48873769e-03,  1.39655005e-02,
         1.69650745e-02, -1.93276666e-02, -3.72901792e-03,
        -9.26551595e-03],
       [ 2.45291104e-36,  3.41831939e-03,  1.61980018e-02,
         3.65857873e-03, -9.44224373e-03, -1.96178406e-02,
        -2.46696118e-02,  7.03922659e-03,  1.32818343e-02,
         3.81862349e-03],
       [ 9.13180247e-36,  8.81951489e-03, -5.07537974e-03,
         1.22039625e-02, -4.43011319e-04,  1.54975513e-02,
         2.05388535e-02, -1.64704267e-02, -2.77908402e-03,
        -1.01885423e-02],
       [-5.39332435e-36,  4.10309620e-03, -5.20467013e-03,
         9.31542180e-03,  2.02119537e-03,  1.24909421e-02,
         1.52976420e-02, -1.36930756e-02, -2.84738792e-03,
        -8.78531206e-03],
       [ 9.73052542e-36,  3.17955203e-02,  2.11594421e-02,
         3.06342449e-03, -1.24410279e-02, -4.48941626e-03,
        -1.05523663e-02,  1.19892182e-03, -4.36803587e-02,
        -2.90630246e-03],
       [ 6.55940986e-36,  1.22194039e-03,  1.06365522e-02,
         1.72757776e-03, -5.44002652e-03, -1.11492546e-02,
        -4.89452807e-03,  1.01923151e-02,  1.16305593e-02,
         8.13342165e-03],
       [-1.81504984e-36,  2.69191135e-02,  1.57563239e-02,
         9.35343653e-03, -1.58796106e-02,  8.20026826e-03,
         1.71758737e-02, -2.38925568e-03,  3.45268101e-02,
        -4.18693060e-03],
       [ 6.18741010e-36,  2.71093659e-02,  1.50801539e-02,
         3.21256369e-03, -1.02190515e-02,  5.03997598e-03,
         1.02082128e-02,  6.59442833e-03,  2.25239210e-02,
         3.99434520e-03],
       [-5.33199187e-36,  9.63692367e-03, -8.08849279e-03,
         1.27230631e-02, -1.39774312e-03,  1.57035887e-02,
         2.12082509e-02, -1.70022845e-02,  3.18139791e-03,
        -9.40996129e-03],
       [-1.16623705e-35,  3.56597011e-03,  1.18680131e-02,
        -3.71390977e-03, -5.96329290e-03, -7.63734756e-03,
        -3.54823866e-03,  6.04352960e-03,  8.15759040e-03,
         4.11528070e-03],
       [-9.11093321e-37, -7.61202862e-03,  2.00216044e-02,
        -3.17063619e-04, -1.04813296e-02, -1.67246461e-02,
        -2.79192571e-02,  2.64927861e-03,  7.69453542e-03,
        -5.86397538e-04],
       [ 1.40788560e-36,  8.03050585e-03, -5.94688999e-03,
         8.26211460e-03, -1.09092181e-03,  1.15432767e-02,
         1.52959544e-02, -1.05244396e-02,  1.31790037e-03,
        -7.22858123e-03],
       [ 4.20925127e-36,  8.90143961e-03, -8.38228315e-03,
         7.77806994e-03, -2.62882118e-03,  1.28907971e-02,
         1.72685217e-02, -1.97169855e-02,  1.03645101e-02,
        -6.72000600e-03],
       [-5.55538243e-36,  4.24190098e-03, -2.75363424e-03,
         9.43877548e-03,  6.37237506e-04,  1.33956205e-02,
         1.71174705e-02, -1.53394230e-02,  3.09558655e-03,
        -7.92838726e-03],
       [ 5.23762659e-36,  6.49828790e-03, -2.05437886e-03,
         4.47921781e-03, -2.68248818e-03,  7.65638519e-03,
         1.07701104e-02, -9.93837602e-03,  1.58178282e-03,
        -2.95533938e-03]], dtype=float32), array([-0.17722028, -0.08071908,  0.07691588,  0.08680958,  0.48702526,
        0.13756408,  0.15323776,  0.48874208,  0.05196587,  0.5329408 ],
      dtype=float32)]


////////////////////////////////////
{'name': 'dense_2', 'trainable': True, 'dtype': 'float32', 'units': 3, 'activation': 'softmax', 'use_bias': True, 'kernel_initializer': {'class_name': 'GlorotUniform', 'config': {'seed': None}}, 'bias_initializer': {'class_name': 'Zeros', 'config': {}}, 'kernel_regularizer': None, 'bias_regularizer': None, 'activity_regularizer': None, 'kernel_constraint': None, 'bias_constraint': None}
----------------------------------------
[array([[ 0.25792676,  0.09255084, -0.5197145 ],
       [-1.4612038 ,  1.9603704 , -1.2818966 ],
       [-0.38577443,  1.5455412 , -1.711512  ],
       [-1.8696582 ,  0.35762158,  1.3840321 ],
       [ 0.31196862, -1.3783675 ,  0.9151222 ],
       [-3.0910535 , -0.24828544,  1.404409  ],
       [-3.8512464 ,  0.45243332,  1.695658  ],
       [ 1.2044032 ,  0.4358663 , -1.8139173 ],
       [-2.3401766 ,  2.4450824 , -0.58172506],
       [ 1.4117095 ,  0.3161639 , -1.3832551 ]], dtype=float32), array([ 0.16448481, -0.19195485,  0.07098813], dtype=float32)]